1710863126606 0.0 0
1710863462925 1.0 1
1710863798774 2.0 2
1710864135298 3.0 3
1710864471662 4.0 4
1710864809689 5.0 5
1710865145090 6.0 6
1710865482838 7.0 7
1710865819242 8.0 8
1710866156298 9.0 9
1710866493496 10.0 10
1710866831483 11.0 11
1710867167882 12.0 12
1710867504691 13.0 13
1710867843518 14.0 14
1710868180181 15.0 15
1710868517938 16.0 16
1710868853253 17.0 17
1710869190515 18.0 18
1710869526861 19.0 19
1710869864943 20.0 20
1710870202676 21.0 21
1710870541717 22.0 22
1710870878225 23.0 23
1710871213993 24.0 24
1710871550321 25.0 25
1710871886390 26.0 26
1710872222346 27.0 27
1710872559372 28.0 28
1710872895363 29.0 29
1710873233164 30.0 30
1710873570369 31.0 31
1710873906257 32.0 32
1710874242809 33.0 33
1710874580561 34.0 34
1710874918069 35.0 35
1710875253977 36.0 36
1710875589925 37.0 37
1710875927707 38.0 38
1710876265115 39.0 39
1710876600678 40.0 40
1710876936767 41.0 41
1710877273055 42.0 42
1710877609816 43.0 43
1710877946586 44.0 44
1710878282421 45.0 45
1710878619844 46.0 46
1710878956906 47.0 47
1710879293985 48.0 48
1710879629742 49.0 49
1710879967103 50.0 50
1710880304581 51.0 51
1710880641673 52.0 52
1710880978880 53.0 53
1710881316455 54.0 54
1710881653615 55.0 55
1710881989328 56.0 56
1710882325486 57.0 57
1710882661330 58.0 58
1710882996952 59.0 59
1710883332880 60.0 60
1710883668100 61.0 61
1710884003870 62.0 62
1710884340329 63.0 63
1710884676340 64.0 64
1710885011116 65.0 65
1710885347304 66.0 66
1710885684201 67.0 67
1710886019896 68.0 68
1710886355863 69.0 69
1710886692672 70.0 70
1710887028802 71.0 71
1710887367459 72.0 72
1710887704177 73.0 73
1710888039548 74.0 74
1710888373915 75.0 75
1710888709521 76.0 76
1710889047541 77.0 77
1710889383856 78.0 78
1710889719624 79.0 79
1710890055099 80.0 80
1710890391747 81.0 81
1710890727131 82.0 82
1710891063194 83.0 83
1710891397770 84.0 84
1710891732788 85.0 85
1710892068804 86.0 86
1710892405642 87.0 87
1710892740227 88.0 88
1710893077381 89.0 89
1710893414453 90.0 90
1710893750220 91.0 91
1710894087122 92.0 92
1710894423530 93.0 93
1710894759883 94.0 94
1710895096700 95.0 95
1710895433125 96.0 96
1710895769653 97.0 97
1710896106215 98.0 98
1710896442245 99.0 99
1710896778573 100.0 100
1710897113640 101.0 101
1710897450719 102.0 102
1710897786982 103.0 103
1710898123816 104.0 104
1710898459780 105.0 105
1710898796498 106.0 106
1710899131348 107.0 107
1710899466608 108.0 108
1710899802935 109.0 109
1710900139360 110.0 110
1710900474256 111.0 111
1710900808360 112.0 112
1710901142898 113.0 113
1710901477983 114.0 114
1710901815612 115.0 115
1710902151719 116.0 116
1710902487104 117.0 117
1710902824380 118.0 118
1710903160811 119.0 119
1710903495314 120.0 120
1710903830675 121.0 121
1710904167818 122.0 122
1710904502501 123.0 123
1710904839611 124.0 124
1710905177343 125.0 125
1710905514799 126.0 126
1710905850876 127.0 127
1710906187294 128.0 128
1710906523609 129.0 129
1710906858271 130.0 130
1710907193926 131.0 131
1710907530315 132.0 132
1710907865396 133.0 133
1710908201243 134.0 134
1710908536345 135.0 135
1710908872816 136.0 136
1710909208644 137.0 137
1710909544682 138.0 138
1710909881426 139.0 139
1710910217758 140.0 140
1710910554310 141.0 141
1710910889547 142.0 142
1710911224404 143.0 143
1710911560477 144.0 144
1710911896332 145.0 145
1710912231140 146.0 146
1710912567152 147.0 147
1710912903079 148.0 148
1710913238955 149.0 149
1710913576556 150.0 150
1710913913574 151.0 151
1710914249770 152.0 152
1710914585643 153.0 153
1710914920705 154.0 154
1710915256422 155.0 155
1710915592638 156.0 156
1710915928129 157.0 157
1710916263896 158.0 158
1710916599352 159.0 159
1710916935151 160.0 160
1710917269395 161.0 161
1710917605194 162.0 162
1710917941572 163.0 163
1710918279276 164.0 164
1710918615017 165.0 165
1710918951006 166.0 166
1710919287432 167.0 167
1710919623659 168.0 168
1710919959726 169.0 169
1710920300453 170.0 170
1710920637893 171.0 171
1710920973362 172.0 172
1710921309435 173.0 173
1710921645436 174.0 174
1710921982741 175.0 175
1710922318699 176.0 176
1710922653944 177.0 177
1710922988660 178.0 178
1710923325259 179.0 179
1710923661273 180.0 180
1710923997531 181.0 181
1710924334507 182.0 182
1710924670089 183.0 183
1710925006259 184.0 184
1710925341602 185.0 185
1710925677820 186.0 186
1710926014330 187.0 187
1710926354690 188.0 188
1710926689467 189.0 189
1710927025585 190.0 190
1710927362715 191.0 191
1710927698526 192.0 192
1710928035072 193.0 193
1710928372673 194.0 194
1710928708970 195.0 195
1710929045332 196.0 196
1710929379911 197.0 197
1710929715601 198.0 198
1710930052655 199.0 199
1710930390591 200.0 200
1710930727344 201.0 201
1710931062876 202.0 202
1710931398172 203.0 203
1710931734131 204.0 204
1710932069846 205.0 205
1710932405009 206.0 206
1710932740097 207.0 207
1710933079443 208.0 208
1710933416614 209.0 209
1710933752992 210.0 210
1710934088108 211.0 211
1710934424898 212.0 212
1710934761990 213.0 213
1710935098833 214.0 214
1710935434167 215.0 215
1710935769734 216.0 216
1710936105817 217.0 217
1710936441757 218.0 218
1710936776829 219.0 219
1710937111615 220.0 220
1710937447263 221.0 221
1710937782879 222.0 222
1710938119672 223.0 223
1710938454602 224.0 224
1710938791215 225.0 225
1710939126626 226.0 226
1710939463165 227.0 227
1710939814241 228.0 228
1710940163774 229.0 229
1710940531455 230.0 230
1710940908771 231.0 231
1710941252569 232.0 232
1710941592344 233.0 233
1710941929690 234.0 234
1710942272642 235.0 235
1710942619715 236.0 236
1710942964432 237.0 237
1710943305075 238.0 238
1710943651335 239.0 239
1710943986941 240.0 240
1710944322233 241.0 241
1710944671537 242.0 242
1710945007139 243.0 243
1710945344710 244.0 244
1710945680512 245.0 245
1710946016577 246.0 246
1710946354209 247.0 247
1710946690364 248.0 248
1710947026309 249.0 249
1710947362297 250.0 250
1710947698437 251.0 251
1710948040326 252.0 252
1710948388757 253.0 253
1710948725791 254.0 254
1710949060217 255.0 255
1710949396452 256.0 256
1710949736584 257.0 257
1710950073898 258.0 258
1710950410644 259.0 259
1710950747044 260.0 260
1710951084065 261.0 261
1710951420038 262.0 262
1710951756186 263.0 263
1710952091863 264.0 264
1710952429058 265.0 265
1710952766467 266.0 266
1710953106637 267.0 267
1710953443719 268.0 268
1710953780330 269.0 269
1710954116413 270.0 270
1710954453920 271.0 271
1710954790331 272.0 272
1710955126336 273.0 273
1710955462694 274.0 274
1710955799924 275.0 275
1710956150723 276.0 276
1710956489617 277.0 277
1710956827569 278.0 278
1710957165397 279.0 279
1710957507306 280.0 280
1710957850890 281.0 281
1710958192994 282.0 282
1710958529032 283.0 283
1710958864276 284.0 284
1710959213767 285.0 285
1710959549164 286.0 286
1710959884015 287.0 287
1710960220200 288.0 288
1710960556692 289.0 289
1710960891809 290.0 290
1710961228761 291.0 291
1710961564478 292.0 292
1710961923815 293.0 293
1710962260154 294.0 294
1710962597327 295.0 295
1710962934733 296.0 296
1710963277133 297.0 297
1710963612995 298.0 298
1710963948601 299.0 299
