1710863126607 25796584.0 0
1710863462926 25796584.0 1
1710863798774 25796584.0 2
1710864135299 25796584.0 3
1710864471662 25796584.0 4
1710864809689 25796584.0 5
1710865145090 25796584.0 6
1710865482839 25796584.0 7
1710865819242 25796584.0 8
1710866156299 25796584.0 9
1710866493496 25796584.0 10
1710866831483 25796584.0 11
1710867167883 25796584.0 12
1710867504691 25796584.0 13
1710867843518 25796584.0 14
1710868180181 25796584.0 15
1710868517939 25796584.0 16
1710868853253 25796584.0 17
1710869190516 25796584.0 18
1710869526861 25796584.0 19
1710869864944 25796584.0 20
1710870202676 25796584.0 21
1710870541717 25796584.0 22
1710870878226 25796584.0 23
1710871213993 25796584.0 24
1710871550322 25796584.0 25
1710871886390 25796584.0 26
1710872222346 25796584.0 27
1710872559372 25796584.0 28
1710872895363 25796584.0 29
1710873233164 25796584.0 30
1710873570370 25796584.0 31
1710873906257 25796584.0 32
1710874242809 25796584.0 33
1710874580561 25796584.0 34
1710874918069 25796584.0 35
1710875253977 25796584.0 36
1710875589926 25796584.0 37
1710875927707 25796584.0 38
1710876265116 25796584.0 39
1710876600678 25796584.0 40
1710876936768 25796584.0 41
1710877273056 25796584.0 42
1710877609817 25796584.0 43
1710877946587 25796584.0 44
1710878282421 25796584.0 45
1710878619844 25796584.0 46
1710878956907 25796584.0 47
1710879293985 25796584.0 48
1710879629742 25796584.0 49
1710879967103 25796584.0 50
1710880304581 25796584.0 51
1710880641673 25796584.0 52
1710880978881 25796584.0 53
1710881316455 25796584.0 54
1710881653616 25796584.0 55
1710881989329 25796584.0 56
1710882325486 25796584.0 57
1710882661330 25796584.0 58
1710882996952 25796584.0 59
1710883332880 25796584.0 60
1710883668100 25796584.0 61
1710884003871 25796584.0 62
1710884340329 25796584.0 63
1710884676341 25796584.0 64
1710885011117 25796584.0 65
1710885347304 25796584.0 66
1710885684201 25796584.0 67
1710886019896 25796584.0 68
1710886355863 25796584.0 69
1710886692672 25796584.0 70
1710887028803 25796584.0 71
1710887367460 25796584.0 72
1710887704178 25796584.0 73
1710888039548 25796584.0 74
1710888373915 25796584.0 75
1710888709521 25796584.0 76
1710889047542 25796584.0 77
1710889383857 25796584.0 78
1710889719624 25796584.0 79
1710890055099 25796584.0 80
1710890391748 25796584.0 81
1710890727131 25796584.0 82
1710891063194 25796584.0 83
1710891397771 25796584.0 84
1710891732788 25796584.0 85
1710892068804 25796584.0 86
1710892405642 25796584.0 87
1710892740227 25796584.0 88
1710893077381 25796584.0 89
1710893414454 25796584.0 90
1710893750221 25796584.0 91
1710894087122 25796584.0 92
1710894423530 25796584.0 93
1710894759883 25796584.0 94
1710895096700 25796584.0 95
1710895433125 25796584.0 96
1710895769653 25796584.0 97
1710896106216 25796584.0 98
1710896442245 25796584.0 99
1710896778574 25796584.0 100
1710897113640 25796584.0 101
1710897450719 25796584.0 102
1710897786982 25796584.0 103
1710898123816 25796584.0 104
1710898459780 25796584.0 105
1710898796498 25796584.0 106
1710899131349 25796584.0 107
1710899466608 25796584.0 108
1710899802936 25796584.0 109
1710900139361 25796584.0 110
1710900474256 25796584.0 111
1710900808360 25796584.0 112
1710901142899 25796584.0 113
1710901477984 25796584.0 114
1710901815612 25796584.0 115
1710902151719 25796584.0 116
1710902487104 25796584.0 117
1710902824381 25796584.0 118
1710903160811 25796584.0 119
1710903495314 25796584.0 120
1710903830675 25796584.0 121
1710904167819 25796584.0 122
1710904502502 25796584.0 123
1710904839611 25796584.0 124
1710905177343 25796584.0 125
1710905514800 25796584.0 126
1710905850876 25796584.0 127
1710906187294 25796584.0 128
1710906523609 25796584.0 129
1710906858271 25796584.0 130
1710907193927 25796584.0 131
1710907530315 25796584.0 132
1710907865396 25796584.0 133
1710908201243 25796584.0 134
1710908536345 25796584.0 135
1710908872817 25796584.0 136
1710909208644 25796584.0 137
1710909544682 25796584.0 138
1710909881427 25796584.0 139
1710910217759 25796584.0 140
1710910554311 25796584.0 141
1710910889548 25796584.0 142
1710911224404 25796584.0 143
1710911560477 25796584.0 144
1710911896332 25796584.0 145
1710912231141 25796584.0 146
1710912567152 25796584.0 147
1710912903079 25796584.0 148
1710913238956 25796584.0 149
1710913576557 25796584.0 150
1710913913574 25796584.0 151
1710914249771 25796584.0 152
1710914585643 25796584.0 153
1710914920705 25796584.0 154
1710915256423 25796584.0 155
1710915592638 25796584.0 156
1710915928130 25796584.0 157
1710916263897 25796584.0 158
1710916599352 25796584.0 159
1710916935151 25796584.0 160
1710917269395 25796584.0 161
1710917605195 25796584.0 162
1710917941572 25796584.0 163
1710918279276 25796584.0 164
1710918615017 25796584.0 165
1710918951007 25796584.0 166
1710919287433 25796584.0 167
1710919623660 25796584.0 168
1710919959726 25796584.0 169
1710920300454 25796584.0 170
1710920637893 25796584.0 171
1710920973363 25796584.0 172
1710921309435 25796584.0 173
1710921645437 25796584.0 174
1710921982742 25796584.0 175
1710922318699 25796584.0 176
1710922653945 25796584.0 177
1710922988660 25796584.0 178
1710923325259 25796584.0 179
1710923661273 25796584.0 180
1710923997531 25796584.0 181
1710924334508 25796584.0 182
1710924670090 25796584.0 183
1710925006259 25796584.0 184
1710925341603 25796584.0 185
1710925677821 25796584.0 186
1710926014331 25796584.0 187
1710926354691 25796584.0 188
1710926689467 25796584.0 189
1710927025585 25796584.0 190
1710927362716 25796584.0 191
1710927698526 25796584.0 192
1710928035073 25796584.0 193
1710928372674 25796584.0 194
1710928708970 25796584.0 195
1710929045332 25796584.0 196
1710929379912 25796584.0 197
1710929715601 25796584.0 198
1710930052655 25796584.0 199
1710930390592 25796584.0 200
1710930727344 25796584.0 201
1710931062876 25796584.0 202
1710931398172 25796584.0 203
1710931734131 25796584.0 204
1710932069847 25796584.0 205
1710932405009 25796584.0 206
1710932740097 25796584.0 207
1710933079444 25796584.0 208
1710933416615 25796584.0 209
1710933752992 25796584.0 210
1710934088108 25796584.0 211
1710934424898 25796584.0 212
1710934761990 25796584.0 213
1710935098834 25796584.0 214
1710935434167 25796584.0 215
1710935769734 25796584.0 216
1710936105817 25796584.0 217
1710936441757 25796584.0 218
1710936776829 25796584.0 219
1710937111616 25796584.0 220
1710937447263 25796584.0 221
1710937782879 25796584.0 222
1710938119672 25796584.0 223
1710938454603 25796584.0 224
1710938791215 25796584.0 225
1710939126627 25796584.0 226
1710939463165 25796584.0 227
1710939814241 25796584.0 228
1710940163774 25796584.0 229
1710940531456 25796584.0 230
1710940908772 25796584.0 231
1710941252569 25796584.0 232
1710941592344 25796584.0 233
1710941929690 25796584.0 234
1710942272642 25796584.0 235
1710942619715 25796584.0 236
1710942964433 25796584.0 237
1710943305076 25796584.0 238
1710943651336 25796584.0 239
1710943986942 25796584.0 240
1710944322234 25796584.0 241
1710944671537 25796584.0 242
1710945007139 25796584.0 243
1710945344710 25796584.0 244
1710945680513 25796584.0 245
1710946016577 25796584.0 246
1710946354209 25796584.0 247
1710946690364 25796584.0 248
1710947026310 25796584.0 249
1710947362297 25796584.0 250
1710947698437 25796584.0 251
1710948040326 25796584.0 252
1710948388757 25796584.0 253
1710948725791 25796584.0 254
1710949060217 25796584.0 255
1710949396453 25796584.0 256
1710949736585 25796584.0 257
1710950073898 25796584.0 258
1710950410644 25796584.0 259
1710950747044 25796584.0 260
1710951084065 25796584.0 261
1710951420039 25796584.0 262
1710951756187 25796584.0 263
1710952091864 25796584.0 264
1710952429058 25796584.0 265
1710952766467 25796584.0 266
1710953106638 25796584.0 267
1710953443720 25796584.0 268
1710953780331 25796584.0 269
1710954116414 25796584.0 270
1710954453920 25796584.0 271
1710954790331 25796584.0 272
1710955126336 25796584.0 273
1710955462694 25796584.0 274
1710955799925 25796584.0 275
1710956150723 25796584.0 276
1710956489617 25796584.0 277
1710956827570 25796584.0 278
1710957165397 25796584.0 279
1710957507307 25796584.0 280
1710957850890 25796584.0 281
1710958192994 25796584.0 282
1710958529032 25796584.0 283
1710958864277 25796584.0 284
1710959213768 25796584.0 285
1710959549164 25796584.0 286
1710959884015 25796584.0 287
1710960220200 25796584.0 288
1710960556692 25796584.0 289
1710960891809 25796584.0 290
1710961228761 25796584.0 291
1710961564478 25796584.0 292
1710961923815 25796584.0 293
1710962260154 25796584.0 294
1710962597328 25796584.0 295
1710962934733 25796584.0 296
1710963277133 25796584.0 297
1710963612995 25796584.0 298
1710963948602 25796584.0 299
