1710863126604 9.999999999999794e-07 0
1710863462923 9.999999999999794e-07 1
1710863798772 2.5799999999999573e-05 2
1710864135296 5.059999999999892e-05 3
1710864471659 7.540000000000232e-05 4
1710864809687 0.00010019999999999733 5
1710865145087 0.00012492119824838955 6
1710865482836 0.0001248865368846298 7
1710865819239 0.00012484558244040708 8
1710866156296 0.0001247983394068454 9
1710866493494 0.00012474481296467774 10
1710866831481 0.0001246850089836794 11
1710867167880 0.00012461893402201997 12
1710867504689 0.00012454659532557858 13
1710867843515 0.0001244680008271054 14
1710868180178 0.00012438315914536978 15
1710868517936 0.00012429207958422405 16
1710868853250 0.00012419477213154953 17
1710869190513 0.00012409124745823395 18
1710869526858 0.0001239815169168956 19
1710869864940 0.00012386559254074671 20
1710870202673 0.00012374348704219384 21
1710870541715 0.0001236152138114813 22
1710870878223 0.00012348078691520837 23
1710871213990 0.0001233402210948069 24
1710871550319 0.00012319353176489678 25
1710871886387 0.00012304073501162403 26
1710872222343 0.00012288184759086883 27
1710872559369 0.00012271688692642302 28
1710872895360 0.00012254587110809665 29
1710873233162 0.00012236881888968813 30
1710873570367 0.0001221857496869742 31
1710873906254 0.00012199668357554957 32
1710874242807 0.00012180164128865722 33
1710874580558 0.0001216006442148685 34
1710874918067 0.00012139371439578768 35
1710875253974 0.0001211808745235905 36
1710875589923 0.00012096214793857811 37
1710875927704 0.0001207375586265719 38
1710876265113 0.00012050713121633701 39
1710876600675 0.00012027089097682632 40
1710876936765 0.00012002886381445127 41
1710877273053 0.00011978107627020495 42
1710877609814 0.00011952755551679864 43
1710877946584 0.00011926832935562959 44
1710878282418 0.00011900342621376526 45
1710878619841 0.00011873287514083118 46
1710878956904 0.00011845670580579229 47
1710879293982 0.00011817494849373432 48
1710879629739 0.00011788763410252391 49
1710879967099 0.0001175947941394123 50
1710880304578 0.00011729646071760135 51
1710880641671 0.00011699266655273042 52
1710880978878 0.00011668344495923295 53
1710881316452 0.00011636882984674526 54
1710881653613 0.00011604885571636632 55
1710881989324 0.00011572355765685884 56
1710882325483 0.00011539297134083256 57
1710882661327 0.00011505713302078996 58
1710882996949 0.00011471607952518665 59
1710883332877 0.00011436984825438873 60
1710883668097 0.00011401847717656164 61
1710884003868 0.0001136620048234893 62
1710884340326 0.00011330047028639413 63
1710884676338 0.00011293391321159976 64
1710885011114 0.00011256237379623456 65
1710885347301 0.00011218589278377772 66
1710885684199 0.00011180451145960973 67
1710886019893 0.0001114182716464876 68
1710886355861 0.00011102721569997343 69
1710886692669 0.00011063138650374798 70
1710887028800 0.00011023082746494851 71
1710887367457 0.00010982558250938251 72
1710887704175 0.00010941569607672803 73
1710888039545 0.00010900121311565907 74
1710888373912 0.00010858217907888655 75
1710888709519 0.00010815863991822659 76
1710889047539 0.00010773064207952038 77
1710889383854 0.0001072982324975521 78
1710889719621 0.00010686145859090096 79
1710890055096 0.00010642036825675422 80
1710890391745 0.00010597500986563576 81
1710890727128 0.00010552543225611286 82
1710891063191 0.00010507168472942683 83
1710891397767 0.00010461381704412953 84
1710891732785 0.00010415187941054932 85
1710892068801 0.00010368592248536619 86
1710892405639 0.0001032159973660042 87
1710892740225 0.0001027421555850445 88
1710893077379 0.00010226444910458633 89
1710893414451 0.00010178293031052 90
1710893750218 0.00010129765200681807 91
1710894087119 0.00010080866740970182 92
1710894423527 0.00010031603014185264 93
1710894759881 9.981979422649387e-05 94
1710895096697 9.93200140814914e-05 95
1710895433123 9.88167445133669e-05 96
1710895769650 9.83100407112886e-05 97
1710896106213 9.779995824106014e-05 98
1710896442242 9.728655303895228e-05 99
1710896778570 9.676988140564233e-05 100
1710897113637 9.625000000000097e-05 101
1710897450716 9.572696583287357e-05 102
1710897786979 9.520083626084709e-05 103
1710898123813 9.467166897997253e-05 104
1710898459777 9.413952201939288e-05 105
1710898796496 9.360445373502132e-05 106
1710899131346 9.306652280313464e-05 107
1710899466606 9.252578821390934e-05 108
1710899802933 9.19823092649928e-05 109
1710900139358 9.143614555497345e-05 110
1710900474253 9.088735697685858e-05 111
1710900808357 9.033600371149976e-05 112
1710901142896 8.978214622099316e-05 113
1710901477981 8.922584524205976e-05 114
1710901815609 8.86671617793697e-05 115
1710902151717 8.81061570988542e-05 116
1710902487101 8.754289272100425e-05 117
1710902824378 8.697743041410653e-05 118
1710903160808 8.640983218746752e-05 119
1710903495311 8.584016028463808e-05 120
1710903830672 8.526847717656013e-05 121
1710904167816 8.469484555472357e-05 122
1710904502499 8.411932832430599e-05 123
1710904839608 8.354198859725466e-05 124
1710905177340 8.296288968537563e-05 125
1710905514797 8.238209509339666e-05 126
1710905850873 8.179966851197826e-05 127
1710906187291 8.121567381076707e-05 128
1710906523606 8.063017503136271e-05 129
1710906858268 8.004323638030328e-05 130
1710907193924 7.94549222220241e-05 131
1710907530312 7.886529707179795e-05 132
1710907865394 7.827442558867863e-05 133
1710908201240 7.768237256837473e-05 134
1710908536343 7.708920293617366e-05 135
1710908872814 7.649498173981157e-05 136
1710909208641 7.589977414233791e-05 137
1710909544679 7.530364541497099e-05 138
1710909881424 7.470666092994632e-05 139
1710910217756 7.410888615333806e-05 140
1710910554308 7.351038663788812e-05 141
1710910889545 7.29112280158126e-05 142
1710911224402 7.231147599160963e-05 143
1710911560474 7.17111963348393e-05 144
1710911896330 7.111045487293388e-05 145
1710912231138 7.050931748396703e-05 146
1710912567149 6.99078500894272e-05 147
1710912903077 6.930611864699016e-05 148
1710913238953 6.870418914329098e-05 149
1710913576554 6.81021275866818e-05 150
1710913913571 6.749999999999889e-05 151
1710914249768 6.689787241331762e-05 152
1710914585640 6.62958108567083e-05 153
1710914920702 6.569388135300917e-05 154
1710915256420 6.509214991057197e-05 155
1710915592635 6.449068251603024e-05 156
1710915928127 6.388954512706575e-05 157
1710916263894 6.328880366516024e-05 158
1710916599349 6.268852400839326e-05 159
1710916935148 6.208877198418649e-05 160
1710917269392 6.148961336210922e-05 161
1710917605192 6.0891113846661404e-05 162
1710917941569 6.029333907005272e-05 163
1710918279273 5.969635458502627e-05 164
1710918615014 5.910022585765951e-05 165
1710918951004 5.850501826018568e-05 166
1710919287430 5.791079706382505e-05 167
1710919623657 5.731762743162269e-05 168
1710919959724 5.6725574411318854e-05 169
1710920300451 5.6134702928201027e-05 170
1710920637890 5.55450777779788e-05 171
1710920973360 5.495676361969929e-05 172
1710921309432 5.4369824968637464e-05 173
1710921645434 5.378432618923056e-05 174
1710921982739 5.320033148802084e-05 175
1710922318696 5.261790490660409e-05 176
1710922653942 5.203711031462307e-05 177
1710922988658 5.1458011402744106e-05 178
1710923325257 5.088067167569154e-05 179
1710923661271 5.030515444527617e-05 180
1710923997529 4.973152282343994e-05 181
1710924334505 4.9159839715360046e-05 182
1710924670087 4.859016781253006e-05 183
1710925006256 4.802256958589559e-05 184
1710925341600 4.7457107278996386e-05 185
1710925677818 4.689384290114426e-05 186
1710926014328 4.6332838220629425e-05 187
1710926354688 4.577415475793956e-05 188
1710926689464 4.5217853779004835e-05 189
1710927025582 4.4663996288501164e-05 190
1710927362713 4.411264302314155e-05 191
1710927698523 4.3563854445026285e-05 192
1710928035070 4.301769073500851e-05 193
1710928372671 4.247421178609057e-05 194
1710928708967 4.1933477196866643e-05 195
1710929045329 4.139554626497698e-05 196
1710929379909 4.086047798060865e-05 197
1710929715598 4.0328331020029886e-05 198
1710930052652 3.9799163739152604e-05 199
1710930390589 3.927303416712829e-05 200
1710930727342 3.874999999999882e-05 201
1710931062873 3.823011859435498e-05 202
1710931398169 3.771344696104591e-05 203
1710931734128 3.720004175893957e-05 204
1710932069844 3.668995928870866e-05 205
1710932405006 3.6183255486635444e-05 206
1710932740094 3.5679985918508714e-05 207
1710933079441 3.518020577350326e-05 208
1710933416612 3.468396985814571e-05 209
1710933752989 3.419133259029679e-05 210
1710934088105 3.37023479931815e-05 211
1710934424895 3.321706968947797e-05 212
1710934761987 3.273555089541323e-05 213
1710935098831 3.2257844414954904e-05 214
1710935434165 3.178400263399716e-05 215
1710935769731 3.1314077514633355e-05 216
1710936105814 3.084812058944993e-05 217
1710936441755 3.0386182955872966e-05 218
1710936776826 2.9928315270569764e-05 219
1710937111613 2.947456774388995e-05 220
1710937447260 2.902499013436585e-05 221
1710937782876 2.8579631743246967e-05 222
1710938119669 2.813854140910143e-05 223
1710938454600 2.7701767502450985e-05 224
1710938791212 2.7269357920481362e-05 225
1710939126623 2.6841360081774022e-05 226
1710939463163 2.6417820921114138e-05 227
1710939814238 2.5998786884343865e-05 228
1710940163771 2.5584303923268565e-05 229
1710940531453 2.517441749061485e-05 230
1710940908769 2.4769172535049635e-05 231
1710941252566 2.436861349624846e-05 232
1710941592341 2.3972784300024625e-05 233
1710941929687 2.3581728353508236e-05 234
1710942272639 2.3195488540392315e-05 235
1710942619712 2.2814107216224765e-05 236
1710942964430 2.2437626203763372e-05 237
1710943305073 2.206608678839725e-05 238
1710943651333 2.16995297136089e-05 239
1710943986939 2.133799517651076e-05 240
1710944322230 2.0981522823440565e-05 241
1710944671534 2.063015174560894e-05 242
1710945007136 2.0283920474811222e-05 243
1710945344707 1.9942866979212607e-05 244
1710945680509 1.960702865916991e-05 245
1710946016574 1.9276442343137342e-05 246
1710946354206 1.895114428363357e-05 247
1710946690361 1.8631170153254935e-05 248
1710947026306 1.83165550407711e-05 249
1710947362294 1.800733344727352e-05 250
1710947698434 1.770353928239464e-05 251
1710948040323 1.740520586058963e-05 252
1710948388754 1.711236589747841e-05 253
1710948725788 1.6825051506262684e-05 254
1710949060214 1.654329419420474e-05 255
1710949396450 1.6267124859168572e-05 256
1710949736581 1.5996573786234296e-05 257
1710950073895 1.5731670644374e-05 258
1710950410641 1.5472444483203628e-05 259
1710950747041 1.5218923729793844e-05 260
1710951084062 1.4971136185550575e-05 261
1710951420034 1.4729109023170724e-05 262
1710951756184 1.4492868783661019e-05 263
1710952091860 1.4262441373424993e-05 264
1710952429055 1.4037852061426047e-05 265
1710952766464 1.3819125476411053e-05 266
1710953106634 1.360628560421646e-05 267
1710953443716 1.3399355785131587e-05 268
1710953780328 1.3198358711344589e-05 269
1710954116409 1.3003316424448906e-05 270
1710954453917 1.2814250313028464e-05 271
1710954790328 1.2631181110313642e-05 272
1710955126333 1.2454128891906115e-05 273
1710955462691 1.2283113073576277e-05 274
1710955799922 1.21181524091347e-05 275
1710956150720 1.1959264988378525e-05 276
1710956489614 1.1806468235103388e-05 277
1710956827567 1.1659778905195899e-05 278
1710957165394 1.1519213084793214e-05 279
1710957507303 1.1384786188522185e-05 280
1710957850887 1.1256512957805938e-05 281
1710958192991 1.1134407459251066e-05 282
1710958529029 1.101848308310056e-05 283
1710958864274 1.0908752541768836e-05 284
1710959213764 1.0805227868445788e-05 285
1710959549160 1.0707920415779257e-05 286
1710959884012 1.0616840854628304e-05 287
1710960220197 1.0531999172891716e-05 288
1710960556689 1.0453404674417629e-05 289
1710960891806 1.0381065977976933e-05 290
1710961228758 1.0314991016324067e-05 291
1710961564475 1.0255187035323214e-05 292
1710961923812 1.0201660593153161e-05 293
1710962260150 1.0154417559593293e-05 294
1710962597324 1.0113463115374655e-05 295
1710962934730 1.0078801751611808e-05 296
1710963277130 1.0050437269315544e-05 297
1710963612992 1.0028372778970049e-05 298
1710963948598 1.001261070019679e-05 299
