1710863126605 6.479369184271779 0
1710863462924 6.10258056015425 1
1710863798773 5.6761764121574565 2
1710864135297 5.574238290554735 3
1710864471660 5.495794251694722 4
1710864809687 5.435341675363948 5
1710865145088 5.3833985508785664 6
1710865482837 5.329518178361021 7
1710865819240 5.288626903455786 8
1710866156297 5.254199767387478 9
1710866493495 5.213903475967778 10
1710866831481 5.181859558584137 11
1710867167881 5.15667701988611 12
1710867504689 5.125509785323686 13
1710867843516 5.099232227335208 14
1710868180179 5.0829727289466025 15
1710868517937 5.036930483526213 16
1710868853251 5.024861149842852 17
1710869190514 4.996869921836902 18
1710869526859 4.990365631296449 19
1710869864941 4.9716013094527165 20
1710870202674 4.937576752160789 21
1710870541716 4.92163869025002 22
1710870878224 4.891447201275795 23
1710871213991 4.867659219706409 24
1710871550320 4.873939557814262 25
1710871886388 4.834616634207712 26
1710872222344 4.830902692145178 27
1710872559370 4.822963054445733 28
1710872895361 4.80365401224046 29
1710873233163 4.811769482420898 30
1710873570368 4.784180971632846 31
1710873906255 4.768112702955815 32
1710874242807 4.749426488992347 33
1710874580559 4.722035633006566 34
1710874918067 4.7054737852111215 35
1710875253975 4.699927721072403 36
1710875589924 4.68002549649506 37
1710875927705 4.682563326270266 38
1710876265114 4.651161019078596 39
1710876600676 4.671128052450173 40
1710876936766 4.6457633992010745 41
1710877273054 4.6258645868179284 42
1710877609815 4.62825059097036 43
1710877946585 4.586148294688187 44
1710878282419 4.599201832629654 45
1710878619842 4.5756144274822725 46
1710878956905 4.574813138049635 47
1710879293983 4.560138161447991 48
1710879629740 4.551684498634289 49
1710879967100 4.5300988836569305 50
1710880304579 4.529478045645505 51
1710880641671 4.525118939397277 52
1710880978879 4.526676521716442 53
1710881316453 4.5078020249988295 54
1710881653614 4.479539394836572 55
1710881989325 4.48602339186528 56
1710882325484 4.459197693383953 57
1710882661328 4.436010869303372 58
1710882996950 4.44410221677431 59
1710883332878 4.455936352055754 60
1710883668098 4.426280432260296 61
1710884003869 4.414766967372919 62
1710884340327 4.423906295461325 63
1710884676338 4.391493617038263 64
1710885011115 4.3882785927165635 65
1710885347302 4.380821907108175 66
1710885684199 4.3806732590769375 67
1710886019894 4.368303030156906 68
1710886355862 4.343179341467639 69
1710886692670 4.335051099866361 70
1710887028801 4.352403889239674 71
1710887367458 4.315615735957626 72
1710887704176 4.351253000935886 73
1710888039546 4.334842498720684 74
1710888373913 4.319283665523944 75
1710888709520 4.296158238653947 76
1710889047540 4.316255772770138 77
1710889383855 4.2680734892050225 78
1710889719622 4.275477219024785 79
1710890055097 4.269483724110563 80
1710890391746 4.266664874538416 81
1710890727129 4.2435948508344445 82
1710891063192 4.23939251396018 83
1710891397769 4.214920602443123 84
1710891732786 4.2441676623079445 85
1710892068802 4.2250938293417954 86
1710892405640 4.220954293325525 87
1710892740225 4.176317430794163 88
1710893077379 4.197697451264238 89
1710893414452 4.18208339318118 90
1710893750219 4.1643554166092915 91
1710894087120 4.145114030178622 92
1710894423528 4.173759768470148 93
1710894759881 4.168271916623915 94
1710895096698 4.148153234077629 95
1710895433123 4.170577666670962 96
1710895769651 4.124838389752006 97
1710896106214 4.1402246706311745 98
1710896442243 4.141130869122993 99
1710896778572 4.127245423735791 100
1710897113638 4.119378909716685 101
1710897450717 4.094679039815935 102
1710897786980 4.106118938681716 103
1710898123814 4.135077442005563 104
1710898459778 4.081967836152882 105
1710898796497 4.083704676579269 106
1710899131347 4.066764460330431 107
1710899466606 4.084015677436213 108
1710899802934 4.075500460806638 109
1710900139359 4.044098132551098 110
1710900474254 4.062564761629483 111
1710900808358 4.07137061111753 112
1710901142897 4.044146466652044 113
1710901477982 4.023970411162676 114
1710901815610 4.005733102598202 115
1710902151717 4.00509217072388 116
1710902487102 3.9908418064691347 117
1710902824379 4.01476679660294 118
1710903160809 4.015739610344744 119
1710903495312 3.962484754001896 120
1710903830673 4.024591583601186 121
1710904167817 3.9654291572094573 122
1710904502500 3.937083320031551 123
1710904839609 3.9678751134078727 124
1710905177341 3.970361491476833 125
1710905514798 3.9578411551657466 126
1710905850874 3.9489088304216824 127
1710906187292 3.8961905946194286 128
1710906523607 3.9347330609601223 129
1710906858269 3.964989319043031 130
1710907193925 3.9443319237644325 131
1710907530313 3.9416876306301805 132
1710907865394 3.928707956199304 133
1710908201241 3.9007382089136198 134
1710908536344 3.9172258399970707 135
1710908872815 3.895077149632951 136
1710909208642 3.889237711737922 137
1710909544680 3.9033722448593218 138
1710909881424 3.893681710569257 139
1710910217757 3.873890982242003 140
1710910554309 3.871490305425568 141
1710910889546 3.866369485244556 142
1710911224403 3.871120598038394 143
1710911560475 3.8611036465812125 144
1710911896330 3.8572938700186308 145
1710912231139 3.8525041596684964 146
1710912567150 3.8650613507296456 147
1710912903077 3.856980785059715 148
1710913238954 3.8365677631771367 149
1710913576555 3.82652951233213 150
1710913913572 3.810069148885456 151
1710914249769 3.7971445062554294 152
1710914585641 3.825651542020058 153
1710914920703 3.8186468502623474 154
1710915256421 3.7855685197589644 155
1710915592636 3.788912414970227 156
1710915928128 3.7921301297433243 157
1710916263895 3.781851712323334 158
1710916599350 3.771615087299127 159
1710916935149 3.761883927597432 160
1710917269393 3.786695126229456 161
1710917605193 3.777821458866593 162
1710917941570 3.8118795757867616 163
1710918279274 3.7662540431517186 164
1710918615015 3.762911378345172 165
1710918951005 3.740755193441076 166
1710919287431 3.7359823481526786 167
1710919623658 3.761397916895174 168
1710919959724 3.6996856414249093 169
1710920300452 3.7051360300347382 170
1710920637891 3.741344922101757 171
1710920973361 3.7397262499060733 172
1710921309433 3.705207164705792 173
1710921645435 3.6932146587384036 174
1710921982740 3.712074930857147 175
1710922318697 3.702405964290287 176
1710922653943 3.6801066439832524 177
1710922988658 3.67485875692624 178
1710923325257 3.6764585230017746 179
1710923661271 3.6467075025073696 180
1710923997529 3.697792633852794 181
1710924334506 3.677716247785107 182
1710924670088 3.654904349360057 183
1710925006257 3.641082677203165 184
1710925341601 3.6608205111780787 185
1710925677819 3.675243913516803 186
1710926014329 3.676301260153249 187
1710926354689 3.642001103347456 188
1710926689465 3.6319430551364085 189
1710927025583 3.6458855653694435 190
1710927362714 3.6536696852398287 191
1710927698524 3.6363163089782726 192
1710928035071 3.640723536093928 193
1710928372672 3.6168572189865893 194
1710928708968 3.60834110653202 195
1710929045330 3.6225431236353787 196
1710929379910 3.6003969781835314 197
1710929715599 3.6251199452275658 198
1710930052653 3.602935830090629 199
1710930390590 3.5860245546824494 200
1710930727342 3.56609525456166 201
1710931062874 3.6038679477499937 202
1710931398170 3.5396972626791112 203
1710931734129 3.584897774587673 204
1710932069845 3.5854388879905437 205
1710932405007 3.577036372678075 206
1710932740095 3.5370300619763997 207
1710933079442 3.5846082610906924 208
1710933416613 3.5610961826296377 209
1710933752990 3.5709584752209818 210
1710934088106 3.5573062150334884 211
1710934424896 3.546290489531357 212
1710934761988 3.5594740268057654 213
1710935098832 3.5648652765418136 214
1710935434165 3.5435740597422085 215
1710935769732 3.548844729052921 216
1710936105815 3.537495898147246 217
1710936441755 3.495170666679988 218
1710936776827 3.5208910879954485 219
1710937111614 3.5128261500375677 220
1710937447261 3.524105999747556 221
1710937782877 3.543339257737891 222
1710938119670 3.53571767172038 223
1710938454601 3.5127782149290456 224
1710938791213 3.5000370514224954 225
1710939126624 3.513181999611946 226
1710939463163 3.5038056766635783 227
1710939814239 3.496385962724991 228
1710940163772 3.5151768519081625 229
1710940531454 3.5205089188110508 230
1710940908770 3.4878276991783124 231
1710941252567 3.4803805561896017 232
1710941592342 3.5248499737811607 233
1710941929688 3.4712958938791565 234
1710942272640 3.4451122135877914 235
1710942619713 3.4733322765702015 236
1710942964431 3.4776058116124013 237
1710943305074 3.4514090298232594 238
1710943651334 3.4518020271339123 239
1710943986940 3.438639407273902 240
1710944322231 3.447415629132304 241
1710944671535 3.457847869426737 242
1710945007137 3.444088113674281 243
1710945344708 3.4372247584192763 244
1710945680510 3.445958898253691 245
1710946016575 3.4484672053370065 246
1710946354207 3.442516719485978 247
1710946690362 3.4431558571918064 248
1710947026307 3.455864647057542 249
1710947362295 3.43069426763073 250
1710947698435 3.4456917358116366 251
1710948040324 3.407967374587334 252
1710948388755 3.41655991866555 253
1710948725789 3.4264932867812132 254
1710949060215 3.4440223748644243 255
1710949396451 3.4078934085811756 256
1710949736583 3.4170424948123292 257
1710950073896 3.436546595926932 258
1710950410642 3.4380827117210466 259
1710950747042 3.414995990092562 260
1710951084063 3.3765439601774863 261
1710951420035 3.4556680584228605 262
1710951756185 3.40641979470601 263
1710952091861 3.411451087489476 264
1710952429056 3.410904819238812 265
1710952766465 3.3953027168095646 266
1710953106635 3.397944919125829 267
1710953443717 3.3654930575556397 268
1710953780329 3.42679635892299 269
1710954116411 3.389001956746154 270
1710954453918 3.3991818283034654 271
1710954790329 3.3939139230913757 272
1710955126334 3.396162648130776 273
1710955462692 3.365667139598563 274
1710955799923 3.396690225708042 275
1710956150721 3.386765364953406 276
1710956489615 3.3853284667762384 277
1710956827568 3.397566433294787 278
1710957165395 3.366111781624612 279
1710957507304 3.392838998121733 280
1710957850888 3.378750601208622 281
1710958192992 3.3897040651183428 282
1710958529030 3.360529671252613 283
1710958864275 3.399826941584808 284
1710959213765 3.3474892446539926 285
1710959549162 3.3671569325859814 286
1710959884013 3.3382850119154828 287
1710960220198 3.3203781975216202 288
1710960556690 3.3986995105706774 289
1710960891807 3.356417968163264 290
1710961228759 3.3454893029911417 291
1710961564476 3.3914584042015514 292
1710961923813 3.3552837277191396 293
1710962260152 3.3394258580958796 294
1710962597325 3.406732609192632 295
1710962934731 3.401927563964023 296
1710963277131 3.347972100660224 297
1710963612993 3.3694458328349643 298
1710963948599 3.3610420282000004 299
